1002
1012
1022
1026
1027
1032
1037
1038
1039
1054
1078
1079
1089
1092
1110
1119
1119
1128
1140
1150
1151
1174
1180
1185
1202
1202
1227
1228
1242
1243
1272
1279
1297
1309
1314
1317
1331
1342
1342
1349
1358
1368
1372
1376
1380
1384
1386
1390
1396
1413
1427
1435
1450
1456
1462
1464
1472
1487
1494
1497
1500
1503
1510
1515
1549
1549
1558
1558
1561
1572
1575
1584
1587
1612
1623
1625
1635
1640
1661
1661
1663
1671
1672
1686
1691
1693
1695
1703
1707
1723
1731
1756
1760
1766
1772
1794
1801
1812
1818
1822
1824
1824
1833
1839
1847
1857
1859
1871
1878
1888
1889
1889
1893
1893
1902
1903
1914
1918
1934
1940
1941
1953
1958
1958
1959
1978
1994
1996
2005
2018
2036
2043
2047
2053
2057
2105
2122
2130
2142
2142
2145
2171
2175
2177
2184
2217
2219
2230
2236
2237
2240
2241
2244
2252
2271
2271
2277
2280
2314
2350
2354
2362
2371
2377
2383
2386
2393
2398
2408
2426
2456
2456
2460
2460
2463
2464
2467
2469
2476
2480
2481
2487
2496
2509
2531
2532
2533
2533
2539
2544
2544
2559
2564
2598
2599
2600
2611
2615
2621
2629
2641
2662
2664
2671
2686
2693
2706
2707
2721
2724
2730
2763
2763
2764
2765
2767
2772
2795
2796
2800
2842
2848
2852
2856
2878
2885
2898
2928
2931
2934
2965
2977
2982
2993
2994
3001
3009
3031
3038
3039
3047
3050
3057
3063
3099
3102
3105
3107
3116
3119
3145
3165
3166
3175
3181
3183
3190
3204
3217
3219
3225
3245
3248
3253
3254
3254
3260
3266
3269
3282
3283
3297
3306
3314
3322
3323
3327
3329
3330
3332
3344
3351
3353
3362
3362
3370
3372
3372
3376
3377
3381
3385
3392
3398
3400
3418
3425
3430
3444
3446
3459
3459
3483
3491
3498
3515
3515
3521
3527
3542
3544
3557
3559
3586
3614
3622
3639
3641
3641
3644
3647
3661
3687
3688
3696
3706
3725
3733
3738
3739
3762
3767
3774
3776
3780
3782
3823
3842
3852
3884
3890
3936
3941
3957
3962
3965
3980
3997
3998
4024
4039
4041
4053
4073
4091
4096
4116
4123
4134
4135
4145
4149
4166
4175
4180
4196
4208
4245
4272
4273
4280
4280
4281
4302
4303
4310
4315
4324
4352
4354
4358
4359
4360
4370
4386
4400
4425
4438
4457
4466
4473
4474
4481
4487
4493
4523
4530
4532
4538
4539
4539
4541
4545
4558
4560
4567
4575
4576
4578
4582
4586
4602
4603
4608
4616
4620
4625
4627
4632
4633
4635
4654
4689
4713
4715
4717
4718
4743
4791
4796
4798
4799
4801
4825
4834
4849
4862
4875
4878
4892
4903
4909
4916
4919
4930
4971
4980
4984
4990
5038
5047
5076
5100
5114
5124
5128
5132
5140
5150
5153
5172
5176
5190
5192
5194
5194
5196
5201
5255
5262
5264
5270
5296
5298
5315
5320
5333
5337
5344
5349
5350
5354
5356
5359
5360
5363
5371
5405
5409
5409
5427
5462
5487
5492
5500
5500
5528
5540
5543
5545
5550
5554
5556
5557
5573
5573
5591
5613
5630
5635
5638
5658
5667
5679
5679
5680
5688
5695
5697
5721
5722
5729
5732
5739
5752
5774
5793
5798
5824
5824
5828
5828
5829
5832
5834
5886
5900
5904
5910
5912
5928
5932
5932
5952
5956
5971
5982
5989
5994
6016
6021
6021
6033
6040
6041
6055
6067
6081
6111
6121
6145
6180
6202
6209
6212
6215
6244
6248
6258
6272
6273
6311
6313
6325
6330
6330
6338
6340
6342
6349
6359
6364
6373
6376
6380
6386
6393
6394
6397
6417
6420
6428
6440
6461
6464
6476
6513
6518
6524
6527
6529
6537
6542
6552
6574
6576
6578
6586
6618
6635
6639
6664
6677
6692
6702
6718
6719
6722
6737
6738
6744
6748
6750
6757
6764
6778
6798
6807
6809
6814
6825
6829
6832
6860
6860
6870
6874
6898
6906
6913
6915
6924
6925
6928
6932
6942
6951
6963
6965
6970
6988
7015
7019
7021
7023
7023
7025
7026
7027
7047
7057
7059
7067
7116
7126
7127
7131
7131
7137
7147
7153
7157
7166
7178
7182
7187
7219
7242
7257
7261
7268
7275
7289
7302
7304
7325
7328
7334
7337
7339
7341
7349
7358
7363
7373
7373
7381
7381
7382
7396
7405
7413
7450
7492
7500
7540
7562
7568
7576
7579
7581
7588
7589
7596
7624
7635
7636
7647
7651
7673
7674
7705
7711
7714
7714
7736
7747
7749
7759
7761
7764
7766
7773
7777
7780
7787
7788
7790
7791
7808
7809
7826
7828
7832
7835
7835
7851
7861
7865
7882
7883
7885
7897
7901
7903
7903
7908
7910
7924
7967
7971
7993
7994
7997
8003
8028
8032
8052
8052
8064
8099
8101
8103
8111
8112
8134
8139
8157
8168
8172
8187
8207
8209
8230
8245
8250
8255
8271
8274
8277
8283
8286
8303
8304
8306
8311
8313
8324
8350
8358
8366
8368
8381
8389
8411
8416
8418
8427
8431
8451
8451
8459
8461
8463
8467
8469
8480
8481
8485
8497
8502
8521
8524
8528
8530
8540
8545
8551
8566
8570
8578
8587
8595
8599
8605
8606
8613
8630
8638
8643
8662
8663
8672
8681
8684
8694
8697
8717
8720
8727
8740
8746
8752
8773
8777
8797
8800
8805
8808
8812
8821
8828
8828
8841
8861
8873
8878
8881
8884
8895
8903
8905
8910
8911
8917
8942
8954
8961
8971
8972
8979
8981
8991
8991
9001
9007
9016
9020
9021
9058
9088
9089
9130
9134
9145
9146
9158
9176
9177
9178
9183
9183
9188
9189
9197
9204
9208
9217
9236
9237
9251
9254
9258
9276
9279
9302
9305
9312
9323
9324
9331
9339
9341
9352
9362
9363
9375
9385
9386
9403
9406
9422
9426
9429
9430
9447
9455
9455
9470
9479
9480
9483
9485
9493
9506
9522
9556
9560
9569
9599
9611
9627
9628
9642
9654
9656
9661
9663
9669
9675
9678
9681
9686
9697
9701
9703
9714
9728
9747
9757
9765
9772
9772
9790
9797
9804
9809
9814
9816
9816
9819
9819
9837
9843
9850
9860
9861
9867
9883
9884
9891
9909
9912
9928
9928
9936
9955
9980
9988
9992
